100 8.912e-06
200 1.5872e-05
300 2.6424e-05
400 2.7388e-05
500 4.2419e-05
600 5.3537e-05
700 6.8599e-05
800 6.2515e-05
900 7.3516e-05
1000 8.9004e-05
1100 0.000109238
1200 0.000125519
1300 0.000140341
1400 0.00016803
1500 0.000182045
1600 0.000152897
1700 0.000161656
1800 0.000179638
1900 0.000196057
2000 0.000215789
2100 0.000229851
2200 0.00024545
2300 0.000267646
2400 0.000279374
2500 0.000305054
2600 0.000327497
2700 0.000347334
2800 0.000361482
2900 0.000391841
3000 0.000406629
3100 0.000432461
3200 0.000335859
3300 0.000353645
3400 0.000371959
3500 0.000389284
3600 0.000403353
3700 0.000423115
3800 0.000433419
3900 0.000458717
4000 0.000474085
4100 0.000489587
4200 0.000506313
4300 0.000529374
4400 0.000547487
4500 0.000563148
4600 0.000580588
4700 0.000598424
4800 0.000622306
4900 0.000640324
5000 0.000658849
5100 0.000682812
5200 0.000702156
5300 0.000725382
5400 0.000738394
5500 0.000779995
5600 0.000787807
5700 0.000810473
5800 0.000832973
5900 0.00086323
6000 0.000879703
6100 0.000895536
6200 0.000915858
6300 0.000949042
6400 0.000747464
6500 0.000762941
6600 0.000780174
6700 0.000800185
6800 0.000814129
6900 0.000830039
7000 0.000853594
7100 0.000864296
7200 0.000887054
7300 0.000912409
7400 0.000923266
7500 0.000931135
7600 0.000956863
7700 0.000982051
7800 0.00099232
7900 0.00100723
8000 0.00102461
8100 0.0010357
8200 0.00105744
8300 0.00109163
8400 0.0011039
8500 0.00112187
8600 0.00113634
8700 0.00115876
8800 0.00117828
8900 0.00120545
9000 0.00121838
9100 0.00122536
9200 0.001276
9300 0.00127524
9400 0.00130737
9500 0.00131254
9600 0.00133793
9700 0.00136574
9800 0.00139444
9900 0.00140806
10000 0.00140509
10100 0.002774
10200 0.002832
10300 0.002228
10400 0.002461
10500 0.003473
10600 0.00165
10700 0.001578
10800 0.001621
10900 0.002452
11000 0.002609
11100 0.003847
11200 0.002602
11300 0.002595
11400 0.004002
11500 0.001808
11600 0.003579
11700 0.002003
11800 0.001855
11900 0.002505
12000 0.004287
12100 0.002436
12200 0.004135
12300 0.00204
12400 0.001975
12500 0.002173
12600 0.002206
12700 0.001981
12800 0.001693
12900 0.001769
13000 0.001772
13100 0.003613
13200 0.003291
13300 0.001719
13400 0.00331
13500 0.001773
13600 0.003338
13700 0.002694
13800 0.001815
13900 0.004261
14000 0.002706
14100 0.002977
14200 0.002837
14300 0.004421
14400 0.002896
14500 0.0029
14600 0.003104
14700 0.001991
14800 0.003006
14900 0.003142
15000 0.003076
15100 0.004232
15200 0.003148
15300 0.004009
15400 0.00394
15500 0.003199
15600 0.002299
15700 0.003367
15800 0.003292
15900 0.004957
16000 0.00352
16100 0.005053
16200 0.002284
16300 0.002371
16400 0.004456
16500 0.003703
16600 0.004458
16700 0.003546
16800 0.00455
16900 0.004409
17000 0.005419
17100 0.004943
17200 0.002503
17300 0.003925
17400 0.003749
17500 0.005089
17600 0.003853
17700 0.005775
17800 0.003867
17900 0.005487
18000 0.00429
18100 0.003978
18200 0.005486
18300 0.005049
18400 0.002734
18500 0.004578
18600 0.005255
18700 0.006451
18800 0.002853
18900 0.004247
19000 0.005441
19100 0.005514
19200 0.004628
19300 0.004978
19400 0.005456
19500 0.004924
19600 0.004662
19700 0.004506
19800 0.004518
19900 0.005537
20000 0.006043
20100 0.005666
20200 0.004645
20300 0.007067
20400 0.007135
20500 0.006368
20600 0.006921
20700 0.006485
20800 0.004878
20900 0.004878
21000 0.006331
21100 0.004485
21200 0.003868
21300 0.004326
21400 0.00509
21500 0.00512
21600 0.005781
21700 0.005514
21800 0.006623
21900 0.005237
22000 0.005273
22100 0.003549
22200 0.005445
22300 0.005382
22400 0.007777
22500 0.005771
22600 0.007406
22700 0.005818
22800 0.005637
22900 0.005707
23000 0.008088
23100 0.00734
23200 0.006673
23300 0.007882
23400 0.005957
23500 0.00648
23600 0.007465
23700 0.008017
23800 0.006163
23900 0.006007
24000 0.00611
24100 0.00661
24200 0.004049
24300 0.004354
24400 0.008456
24500 0.005648
24600 0.007895
24700 0.004173
24800 0.004224
24900 0.007234
25000 0.006391
25100 0.004311
25200 0.006461
25300 0.006086
25400 0.007048
25500 0.006219
25600 0.005318
25700 0.003657
25800 0.003559
25900 0.003585
26000 0.003629
26100 0.007834
26200 0.006589
26300 0.006877
26400 0.005628
26500 0.007392
26600 0.006088
26700 0.005604
26800 0.007487
26900 0.005657
27000 0.006247
27100 0.006155
27200 0.007075
27300 0.007733
27400 0.005773
27500 0.006971
27600 0.003867
27700 0.005947
27800 0.008124
27900 0.006112
28000 0.003981
28100 0.005991
28200 0.006186
28300 0.008109
28400 0.004065
28500 0.009066
28600 0.007934
28700 0.007215
28800 0.005062
28900 0.008352
29000 0.004221
29100 0.006539
29200 0.00699
29300 0.008543
29400 0.00655
29500 0.007155
29600 0.004267
29700 0.008232
29800 0.006653
29900 0.00774
30000 0.009311
30100 0.006648
30200 0.004399
30300 0.004423
30400 0.008905
30500 0.006625
30600 0.008117
30700 0.004521
30800 0.004512
30900 0.007009
31000 0.007012
31100 0.008814
31200 0.007255
31300 0.007757
31400 0.006899
31500 0.004637
31600 0.007091
31700 0.008738
31800 0.008546
31900 0.00749
32000 0.008747
32100 0.004799
32200 0.007805
32300 0.004901
32400 0.009293
32500 0.00488
32600 0.006816
32700 0.008511
32800 0.00741
32900 0.007429
33000 0.007768
33100 0.005091
33200 0.008903
33300 0.00996
33400 0.00839
33500 0.005158
33600 0.008648
33700 0.008988
33800 0.005138
33900 0.005239
34000 0.006738
34100 0.008424
34200 0.005206
34300 0.008982
34400 0.006323
34500 0.008347
34600 0.008059
34700 0.008479
34800 0.008068
34900 0.009186
35000 0.005848
35100 0.008717
35200 0.005429
35300 0.010956
35400 0.009057
35500 0.007401
35600 0.009128
35700 0.011495
35800 0.008336
35900 0.008395
36000 0.005584
36100 0.008593
36200 0.008101
36300 0.009028
36400 0.006634
36500 0.008186
36600 0.006016
36700 0.008322
36800 0.005818
36900 0.005802
37000 0.006119
37100 0.010033
37200 0.007672
37300 0.008851
37400 0.007758
37500 0.011279
37600 0.009436
37700 0.009349
37800 0.011256
37900 0.006032
38000 0.006064
38100 0.009377
38200 0.006104
38300 0.009605
38400 0.009507
38500 0.008155
38600 0.009181
38700 0.007294
38800 0.008135
38900 0.009399
39000 0.008547
39100 0.011081
39200 0.008468
39300 0.00645
39400 0.006571
39500 0.006421
39600 0.009682
39700 0.008803
39800 0.008877
39900 0.008885
40000 0.010654
40100 0.010172
40200 0.008331
40300 0.009882
40400 0.00879
40500 0.00829
40600 0.009675
40700 0.010059
40800 0.010227
40900 0.010127
41000 0.011466
41100 0.010565
41200 0.008557
41300 0.011863
41400 0.011063
41500 0.012077
41600 0.011221
41700 0.010608
41800 0.011844
41900 0.010061
42000 0.006953
42100 0.006953
42200 0.007021
42300 0.011212
42400 0.007057
42500 0.010439
42600 0.012672
42700 0.010546
42800 0.010676
42900 0.010051
43000 0.007466
43100 0.007635
43200 0.007626
43300 0.007619
43400 0.007375
43500 0.010938
43600 0.012034
43700 0.010178
43800 0.007396
43900 0.007431
44000 0.011435
44100 0.011248
44200 0.01193
44300 0.010908
44400 0.01129
44500 0.009014
44600 0.011843
44700 0.007587
44800 0.007651
44900 0.007708
45000 0.010157
45100 0.007738
45200 0.007821
45300 0.007752
45400 0.007793
45500 0.007837
45600 0.007851
45700 0.007841
45800 0.013655
45900 0.015328
46000 0.012048
46100 0.011938
46200 0.00957
46300 0.01044
46400 0.008054
46500 0.011614
46600 0.009881
46700 0.010831
46800 0.008119
46900 0.008267
47000 0.00821
47100 0.008219
47200 0.013141
47300 0.013814
47400 0.010347
47500 0.011817
47600 0.012699
47700 0.013928
47800 0.012614
47900 0.011966
48000 0.01317
48100 0.012852
48200 0.012556
48300 0.01134
48400 0.01246
48500 0.013912
48600 0.013446
48700 0.013759
48800 0.012151
48900 0.012833
49000 0.012573
49100 0.013271
49200 0.008831
49300 0.011653
49400 0.013079
49500 0.018023
49600 0.013526
49700 0.010743
49800 0.010651
49900 0.016601
50000 0.008956
50100 0.012407
50200 0.009103
50300 0.009204
50400 0.014503
50500 0.012365
50600 0.013095
50700 0.009335
50800 0.008948
50900 0.008612
51000 0.008311
51100 0.009774
51200 0.007517
51300 0.007563
51400 0.010486
51500 0.010635
51600 0.011345
51700 0.012226
51800 0.00764
51900 0.007628
52000 0.010944
52100 0.012518
52200 0.007689
52300 0.012003
52400 0.011541
52500 0.011951
52600 0.012126
52700 0.011378
52800 0.012395
52900 0.009583
53000 0.008077
53100 0.008313
53200 0.008243
53300 0.008172
53400 0.009383
53500 0.012925
53600 0.010453
53700 0.012643
53800 0.012347
53900 0.01132
54000 0.013295
54100 0.011727
54200 0.012275
54300 0.013919
54400 0.011911
54500 0.012046
54600 0.013053
54700 0.010683
54800 0.008208
54900 0.008203
55000 0.008238
55100 0.013499
55200 0.012575
55300 0.010791
55400 0.008392
55500 0.008522
55600 0.008416
55700 0.010875
55800 0.00843
55900 0.011271
56000 0.011786
56100 0.011229
56200 0.015205
56300 0.008644
56400 0.012568
56500 0.013133
56600 0.014299
56700 0.014014
56800 0.013621
56900 0.012392
57000 0.012571
57100 0.011499
57200 0.011234
57300 0.013386
57400 0.012625
57500 0.011987
57600 0.011174
57700 0.012482
57800 0.011872
57900 0.013821
58000 0.00911
58100 0.012922
58200 0.011827
58300 0.012226
58400 0.013782
58500 0.015062
58600 0.01033
58700 0.015215
58800 0.012941
58900 0.014478
59000 0.013457
59100 0.012228
59200 0.014034
59300 0.012789
59400 0.014099
59500 0.014512
59600 0.012667
59700 0.012829
59800 0.012123
59900 0.013235
60000 0.01302
60100 0.017685
60200 0.011285
60300 0.014065
60400 0.014335
60500 0.012914
60600 0.013045
60700 0.012788
60800 0.01389
60900 0.015659
61000 0.016136
61100 0.012456
61200 0.009569
61300 0.01153
61400 0.014278
61500 0.009589
61600 0.013404
61700 0.012759
61800 0.013576
61900 0.012828
62000 0.016939
62100 0.009648
62200 0.012883
62300 0.009706
62400 0.01407
62500 0.012206
62600 0.013403
62700 0.014694
62800 0.013036
62900 0.012414
63000 0.013654
63100 0.009876
63200 0.012281
63300 0.013842
63400 0.015049
63500 0.013204
63600 0.013173
63700 0.013623
63800 0.014427
63900 0.015468
64000 0.010096
64100 0.010078
64200 0.014392
64300 0.015585
64400 0.010191
64500 0.010171
64600 0.014336
64700 0.014944
64800 0.01729
64900 0.014192
65000 0.014975
65100 0.013342
65200 0.010631
65300 0.010781
65400 0.010809
65500 0.010826
65600 0.010878
65700 0.011888
65800 0.015728
65900 0.015867
66000 0.013831
66100 0.014112
66200 0.015304
66300 0.014767
66400 0.013802
66500 0.017198
66600 0.015722
66700 0.013208
66800 0.014324
66900 0.014771
67000 0.015416
67100 0.01413
67200 0.013196
67300 0.015291
67400 0.013536
67500 0.013664
67600 0.014381
67700 0.014925
67800 0.013659
67900 0.01321
68000 0.014127
68100 0.015238
68200 0.015509
68300 0.015594
68400 0.013482
68500 0.014635
68600 0.014587
68700 0.011124
68800 0.013421
68900 0.011288
69000 0.01144
69100 0.011521
69200 0.013698
69300 0.014234
69400 0.01143
69500 0.011457
69600 0.01568
69700 0.016177
69800 0.014151
69900 0.016399
70000 0.011776
70100 0.014507
70200 0.01487
70300 0.01535
70400 0.014853
70500 0.014765
70600 0.016246
70700 0.017799
70800 0.01716
70900 0.016357
71000 0.015744
71100 0.013458
71200 0.01683
71300 0.0117
71400 0.011753
71500 0.011757
71600 0.011728
71700 0.011804
71800 0.011839
71900 0.01182
72000 0.013262
72100 0.011892
72200 0.011872
72300 0.011923
72400 0.011916
72500 0.012015
72600 0.011909
72700 0.012076
72800 0.014718
72900 0.012373
73000 0.012084
73100 0.016139
73200 0.012155
73300 0.012156
73400 0.016242
73500 0.012106
73600 0.012239
73700 0.01221
73800 0.012269
73900 0.012357
74000 0.012305
74100 0.012338
74200 0.016387
74300 0.017166
74400 0.013566
74500 0.016212
74600 0.015663
74700 0.017765
74800 0.014421
74900 0.01255
75000 0.017906
75100 0.016099
75200 0.015999
75300 0.012612
75400 0.014001
75500 0.014653
75600 0.015121
75700 0.015099
75800 0.012721
75900 0.012728
76000 0.017218
76100 0.016471
76200 0.016073
76300 0.017603
76400 0.017317
76500 0.01287
76600 0.016607
76700 0.019556
76800 0.017126
76900 0.019526
77000 0.017732
77100 0.016466
77200 0.019142
77300 0.015807
77400 0.018889
77500 0.019576
77600 0.020972
77700 0.01834
77800 0.01914
77900 0.019141
78000 0.017629
78100 0.015698
78200 0.016078
78300 0.015021
78400 0.013779
78500 0.017695
78600 0.013622
78700 0.015534
78800 0.01827
78900 0.017232
79000 0.017457
79100 0.01754
79200 0.013584
79300 0.013582
79400 0.017603
79500 0.018449
79600 0.01372
79700 0.01372
79800 0.013765
79900 0.013819
80000 0.013757
80100 0.013843
80200 0.013838
80300 0.013835
80400 0.0174
80500 0.018684
80600 0.013874
80700 0.01404
80800 0.014006
80900 0.013938
81000 0.01676
81100 0.017863
81200 0.016432
81300 0.016738
81400 0.019926
81500 0.019116
81600 0.017102
81700 0.020397
81800 0.014238
81900 0.014222
82000 0.014224
82100 0.019321
82200 0.019126
82300 0.019287
82400 0.014461
82500 0.019362
82600 0.017148
82700 0.01947
82800 0.019703
82900 0.018643
83000 0.017707
83100 0.019591
83200 0.014509
83300 0.018505
83400 0.018908
83500 0.021085
83600 0.014629
83700 0.014605
83800 0.019758
83900 0.016675
84000 0.017142
84100 0.014928
84200 0.01486
84300 0.015181
84400 0.015096
84500 0.018944
84600 0.019025
84700 0.014818
84800 0.014892
84900 0.018316
85000 0.018984
85100 0.019554
85200 0.019637
85300 0.020903
85400 0.020692
85500 0.015129
85600 0.020444
85700 0.019609
85800 0.019108
85900 0.015128
86000 0.017679
86100 0.016939
86200 0.015677
86300 0.015865
86400 0.019428
86500 0.021549
86600 0.020155
86700 0.018015
86800 0.015473
86900 0.020151
87000 0.018435
87100 0.019046
87200 0.015552
87300 0.015555
87400 0.019148
87500 0.021406
87600 0.020198
87700 0.018176
87800 0.019834
87900 0.018033
88000 0.018872
88100 0.02111
88200 0.020537
88300 0.021568
88400 0.020591
88500 0.017527
88600 0.019769
88700 0.015889
88800 0.019744
88900 0.019635
89000 0.021142
89100 0.020671
89200 0.015994
89300 0.017236
89400 0.01877
89500 0.016074
89600 0.021935
89700 0.02045
89800 0.020335
89900 0.021623
90000 0.022152
90100 0.016235
90200 0.020276
90300 0.020584
90400 0.019965
90500 0.021954
90600 0.020827
90700 0.019544
90800 0.016452
90900 0.023218
91000 0.019249
91100 0.020438
91200 0.020379
91300 0.02178
91400 0.021789
91500 0.016635
91600 0.018369
91700 0.019024
91800 0.021324
91900 0.022574
92000 0.022404
92100 0.020446
92200 0.022128
92300 0.019978
92400 0.020263
92500 0.019357
92600 0.019615
92700 0.023228
92800 0.022658
92900 0.022833
93000 0.019732
93100 0.022212
93200 0.021753
93300 0.022581
93400 0.023244
93500 0.021096
93600 0.02166
93700 0.020017
93800 0.022193
93900 0.021166
94000 0.022242
94100 0.022563
94200 0.020571
94300 0.021857
94400 0.01937
94500 0.021276
94600 0.021256
94700 0.021587
94800 0.022653
94900 0.018897
95000 0.021372
95100 0.020605
95200 0.01894
95300 0.022533
95400 0.02281
95500 0.022498
95600 0.018781
95700 0.023113
95800 0.021599
95900 0.022881
96000 0.020947
96100 0.022166
96200 0.018058
96300 0.020717
96400 0.023076
96500 0.023277
96600 0.022788
96700 0.027992
96800 0.01928
96900 0.022313
97000 0.019314
97100 0.021846
97200 0.020787
97300 0.020791
97400 0.018491
97500 0.018541
97600 0.019302
97700 0.018839
97800 0.022133
97900 0.022341
98000 0.018329
98100 0.024819
98200 0.020852
98300 0.018378
98400 0.021504
98500 0.022429
98600 0.023629
98700 0.020541
98800 0.022111
98900 0.022851
99000 0.023082
99100 0.0229
99200 0.021587
99300 0.021221
99400 0.023158
99500 0.020632
99600 0.023153
99700 0.022478
99800 0.020924
99900 0.021621
100000 0.023826
100100 0.022819
100200 0.018884
100300 0.019024
100400 0.020426
100500 0.018955
100600 0.023955
100700 0.0238
100800 0.023319
100900 0.023144
101000 0.024082
101100 0.023379
101200 0.025282
101300 0.02122
101400 0.019417
101500 0.02276
101600 0.01853
101700 0.018259
101800 0.017871
101900 0.018469
102000 0.02093
102100 0.021486
102200 0.021943
102300 0.019787
102400 0.018913
102500 0.019794
102600 0.020563
102700 0.022975
102800 0.016608
102900 0.019663
103000 0.020505
103100 0.016344
103200 0.016328
103300 0.017823
103400 0.018461
103500 0.016222
103600 0.020153
103700 0.019387
103800 0.017711
103900 0.020176
104000 0.01921
104100 0.020315
104200 0.017372
104300 0.01632
104400 0.021687
104500 0.019535
104600 0.019189
104700 0.016388
104800 0.019287
104900 0.020455
105000 0.016577
105100 0.016645
105200 0.017017
105300 0.016525
105400 0.016631
105500 0.016666
105600 0.016658
105700 0.016714
105800 0.016722
105900 0.017786
106000 0.016747
106100 0.016878
106200 0.018773
106300 0.021051
106400 0.018802
106500 0.018831
106600 0.016756
106700 0.022564
106800 0.022594
106900 0.016878
107000 0.021921
107100 0.020418
107200 0.021738
107300 0.016959
107400 0.025031
107500 0.021585
107600 0.020238
107700 0.021869
107800 0.022096
107900 0.020545
108000 0.022287
108100 0.021859
108200 0.018774
108300 0.017217
108400 0.020818
108500 0.020011
108600 0.019908
108700 0.021348
108800 0.019214
108900 0.022827
109000 0.017333
109100 0.021993
109200 0.022496
109300 0.022725
109400 0.022484
109500 0.020777
109600 0.019825
109700 0.021751
109800 0.017416
109900 0.017404
110000 0.020861
110100 0.021647
110200 0.020105
110300 0.01778
110400 0.017766
110500 0.021434
110600 0.021508
110700 0.020611
110800 0.021698
110900 0.021516
111000 0.020294
111100 0.017762
111200 0.017712
111300 0.020346
111400 0.01963
111500 0.023218
111600 0.018139
111700 0.018036
111800 0.021871
111900 0.017918
112000 0.020657
112100 0.020421
112200 0.02258
112300 0.02202
112400 0.021922
112500 0.024469
112600 0.02191
112700 0.020774
112800 0.022094
112900 0.0228
113000 0.023652
113100 0.02453
113200 0.023015
113300 0.021655
113400 0.023257
113500 0.018217
113600 0.018257
113700 0.018226
113800 0.022327
113900 0.023294
114000 0.02363
114100 0.021361
114200 0.023546
114300 0.018355
114400 0.018409
114500 0.022385
114600 0.02277
114700 0.023362
114800 0.020572
114900 0.023525
115000 0.018612
115100 0.018525
115200 0.023993
115300 0.023021
115400 0.021853
115500 0.0227
115600 0.023012
115700 0.025026
115800 0.023756
115900 0.022939
116000 0.023431
116100 0.02373
116200 0.023744
116300 0.025468
116400 0.024276
116500 0.019012
116600 0.02461
116700 0.021678
116800 0.02429
116900 0.022895
117000 0.023558
117100 0.021425
117200 0.023308
117300 0.023235
117400 0.021192
117500 0.023443
117600 0.02054
117700 0.023686
117800 0.022994
117900 0.021899
118000 0.021779
118100 0.024775
118200 0.025555
118300 0.021247
118400 0.023704
118500 0.025268
118600 0.024294
118700 0.020929
118800 0.023049
118900 0.024481
119000 0.023462
119100 0.021041
119200 0.02139
119300 0.022149
119400 0.027776
119500 0.023319
119600 0.025476
119700 0.023865
119800 0.021362
119900 0.022417
120000 0.024288
120100 0.01959
120200 0.019602
120300 0.019672
120400 0.019653
120500 0.022963
120600 0.024678
120700 0.019928
120800 0.022632
120900 0.02568
121000 0.02364
121100 0.024646
121200 0.023854
121300 0.026926
121400 0.022639
121500 0.021373
121600 0.022895
121700 0.024242
121800 0.022723
121900 0.023399
122000 0.023031
122100 0.024729
122200 0.02536
122300 0.022178
122400 0.024042
122500 0.020167
122600 0.026062
122700 0.026341
122800 0.024102
122900 0.020299
123000 0.020127
123100 0.02044
123200 0.020344
123300 0.022934
123400 0.022986
123500 0.020377
123600 0.020299
123700 0.020445
123800 0.020426
123900 0.020467
124000 0.020495
124100 0.02046
124200 0.020633
124300 0.022545
124400 0.023314
124500 0.020489
124600 0.025291
124700 0.023822
124800 0.020604
124900 0.024391
125000 0.025528
125100 0.024549
125200 0.020635
125300 0.02272
125400 0.024382
125500 0.026797
125600 0.024664
125700 0.023748
125800 0.023476
125900 0.020912
126000 0.023503
126100 0.024366
126200 0.024636
126300 0.023781
126400 0.023927
126500 0.021399
126600 0.025721
126700 0.025641
126800 0.025886
126900 0.026302
127000 0.02604
127100 0.0247
127200 0.02698
127300 0.02472
127400 0.025954
127500 0.024817
127600 0.02564
127700 0.025515
127800 0.025416
127900 0.027221
128000 0.025157
128100 0.025869
128200 0.024995
128300 0.025253
128400 0.023902
128500 0.024648
128600 0.025233
128700 0.028645
128800 0.023548
128900 0.02699
129000 0.021856
129100 0.025073
129200 0.025638
129300 0.027492
129400 0.024707
129500 0.02329
129600 0.026635
129700 0.027939
129800 0.028453
129900 0.025754
130000 0.025549
130100 0.022092
130200 0.02827
130300 0.021843
130400 0.026924
130500 0.02602
130600 0.022559
130700 0.026797
130800 0.024745
130900 0.024639
131000 0.022074
131100 0.025042
131200 0.028936
131300 0.024877
131400 0.028984
131500 0.025143
131600 0.029336
131700 0.028154
131800 0.027398
131900 0.026616
132000 0.026764
132100 0.02614
132200 0.024645
132300 0.022359
132400 0.02246
132500 0.022332
132600 0.027778
132700 0.025944
132800 0.024862
132900 0.028261
133000 0.028282
133100 0.026395
133200 0.028206
133300 0.022713
133400 0.027672
133500 0.024979
133600 0.03014
133700 0.022706
133800 0.025855
133900 0.02553
134000 0.026437
134100 0.026904
134200 0.02648
134300 0.026532
134400 0.022819
134500 0.025259
134600 0.022805
134700 0.022861
134800 0.023048
134900 0.028075
135000 0.027182
135100 0.029884
135200 0.027119
135300 0.027755
135400 0.029406
135500 0.027351
135600 0.023066
135700 0.02317
135800 0.027608
135900 0.028844
136000 0.028171
136100 0.023241
136200 0.028511
136300 0.023203
136400 0.028639
136500 0.027099
136600 0.027049
136700 0.02858
136800 0.025667
136900 0.023706
137000 0.02863
137100 0.028872
137200 0.028115
137300 0.025165
137400 0.024142
137500 0.02364
137600 0.023557
137700 0.0236
137800 0.024893
137900 0.027296
138000 0.03273
138100 0.027475
138200 0.023719
138300 0.02376
138400 0.023627
138500 0.023831
138600 0.029679
138700 0.028152
138800 0.02377
138900 0.023855
139000 0.023943
139100 0.023955
139200 0.023846
139300 0.02394
139400 0.026764
139500 0.025443
139600 0.02402
139700 0.023982
139800 0.02928
139900 0.028155
140000 0.024093
140100 0.023989
140200 0.024155
140300 0.024458
140400 0.024242
140500 0.024272
140600 0.024312
140700 0.024269
140800 0.024261
140900 0.025759
141000 0.024349
141100 0.024315
141200 0.024528
141300 0.024444
141400 0.024499
141500 0.029608
141600 0.030434
141700 0.02455
141800 0.024571
141900 0.024627
142000 0.0246
142100 0.028648
142200 0.024556
142300 0.02464
142400 0.024601
142500 0.024704
142600 0.024687
142700 0.024641
142800 0.029225
142900 0.027579
143000 0.02475
143100 0.027582
143200 0.028366
143300 0.027
143400 0.02487
143500 0.024882
143600 0.025032
143700 0.028101
143800 0.029565
143900 0.025072
144000 0.025185
144100 0.025114
144200 0.030207
144300 0.025167
144400 0.025136
144500 0.030558
144600 0.026627
144700 0.025265
144800 0.025205
144900 0.027497
145000 0.025251
145100 0.025358
145200 0.027243
145300 0.02942
145400 0.029975
145500 0.030691
145600 0.029002
145700 0.030773
145800 0.03008
145900 0.029666
146000 0.029479
146100 0.029517
146200 0.02792
146300 0.02989
146400 0.025577
146500 0.030296
146600 0.030625
146700 0.025853
146800 0.030257
146900 0.030602
147000 0.031116
147100 0.030359
147200 0.030964
147300 0.028183
147400 0.028658
147500 0.025988
147600 0.02859
147700 0.025823
147800 0.026216
147900 0.029007
148000 0.029786
148100 0.026058
148200 0.029824
148300 0.027948
148400 0.030371
148500 0.032336
148600 0.030552
148700 0.029537
148800 0.031253
148900 0.031482
149000 0.028105
149100 0.032183
149200 0.026275
149300 0.028274
149400 0.029213
149500 0.026702
149600 0.029295
149700 0.026833
149800 0.031054
149900 0.030079
150000 0.026944
150100 0.029193
150200 0.036448
150300 0.031618
150400 0.026497
150500 0.026598
150600 0.026614
150700 0.026599
150800 0.026658
150900 0.029049
151000 0.026747
151100 0.026849
151200 0.026839
151300 0.026965
151400 0.026958
151500 0.029455
151600 0.029101
151700 0.029965
151800 0.032838
151900 0.033369
152000 0.030914
152100 0.030086
152200 0.02708
152300 0.031426
152400 0.027256
152500 0.031515
152600 0.029229
152700 0.031893
152800 0.03127
152900 0.031162
153000 0.031228
153100 0.032127
153200 0.03325
153300 0.027434
153400 0.032616
153500 0.027285
153600 0.033154
153700 0.031112
153800 0.027338
153900 0.027415
154000 0.02743
154100 0.027483
154200 0.02754
154300 0.031209
154400 0.030416
154500 0.027439
154600 0.027659
154700 0.031896
154800 0.031333
154900 0.031379
155000 0.027778
155100 0.03104
155200 0.030559
155300 0.035951
155400 0.033123
155500 0.031893
155600 0.03688
155700 0.032462
155800 0.030626
155900 0.031671
156000 0.031013
156100 0.032739
156200 0.031447
156300 0.02794
156400 0.028141
156500 0.030007
156600 0.031354
156700 0.030733
156800 0.032744
156900 0.028281
157000 0.028381
157100 0.039255
157200 0.032676
157300 0.029667
157400 0.031868
157500 0.033233
157600 0.033953
157700 0.03238
157800 0.031659
157900 0.033013
158000 0.032523
158100 0.032994
158200 0.032921
158300 0.034058
158400 0.032979
158500 0.029281
158600 0.029386
158700 0.029292
158800 0.029387
158900 0.032184
159000 0.037807
159100 0.031224
159200 0.033728
159300 0.033965
159400 0.034586
159500 0.032559
159600 0.034149
159700 0.033248
159800 0.032366
159900 0.033441
160000 0.033947
160100 0.032078
160200 0.032694
160300 0.030691
160400 0.031371
160500 0.032668
160600 0.03397
160700 0.031893
160800 0.033225
160900 0.034083
161000 0.033997
161100 0.031704
161200 0.032983
161300 0.031625
161400 0.033072
161500 0.033197
161600 0.033695
161700 0.03277
161800 0.033666
161900 0.031996
162000 0.033131
162100 0.03334
162200 0.029989
162300 0.032465
162400 0.032439
162500 0.035808
162600 0.031821
162700 0.03231
162800 0.03644
162900 0.029651
163000 0.035379
163100 0.032626
163200 0.032745
163300 0.033068
163400 0.034531
163500 0.034025
163600 0.03444
163700 0.034414
163800 0.031523
163900 0.033172
164000 0.030031
164100 0.029904
164200 0.031303
164300 0.034687
164400 0.034277
164500 0.034162
164600 0.034888
164700 0.035135
164800 0.034803
164900 0.034304
165000 0.03342
165100 0.035049
165200 0.034934
165300 0.033401
165400 0.032467
165500 0.030517
165600 0.030515
165700 0.03373
165800 0.03043
165900 0.035409
166000 0.032795
166100 0.033618
166200 0.039342
166300 0.03539
166400 0.035374
166500 0.034192
166600 0.034634
166700 0.032317
166800 0.033921
166900 0.031015
167000 0.035331
167100 0.032642
167200 0.033237
167300 0.034843
167400 0.035039
167500 0.033924
167600 0.032289
167700 0.037738
167800 0.034846
167900 0.033309
168000 0.035239
168100 0.034586
168200 0.034924
168300 0.03474
168400 0.034077
168500 0.031049
168600 0.031243
168700 0.031265
168800 0.03115
168900 0.031351
169000 0.035056
169100 0.031955
169200 0.035651
169300 0.033878
169400 0.031318
169500 0.031423
169600 0.031142
169700 0.031354
169800 0.031427
169900 0.037288
170000 0.03556
170100 0.037399
170200 0.034872
170300 0.033868
170400 0.036139
170500 0.03486
170600 0.035046
170700 0.035322
170800 0.034813
170900 0.034219
171000 0.031663
171100 0.031712
171200 0.031753
171300 0.033867
171400 0.034614
171500 0.035318
171600 0.036324
171700 0.034432
171800 0.032314
171900 0.032124
172000 0.03212
172100 0.03599
172200 0.034085
172300 0.032072
172400 0.036151
172500 0.036036
172600 0.036221
172700 0.035537
172800 0.036249
172900 0.035662
173000 0.036914
173100 0.037643
173200 0.037546
173300 0.034876
173400 0.036202
173500 0.037167
173600 0.035117
173700 0.036726
173800 0.0357
173900 0.034372
174000 0.035822
174100 0.035155
174200 0.036563
174300 0.035546
174400 0.032579
174500 0.038009
174600 0.0356
174700 0.036764
174800 0.035416
174900 0.036916
175000 0.037891
175100 0.037888
175200 0.037978
175300 0.037816
175400 0.035925
175500 0.037252
175600 0.038066
175700 0.035352
175800 0.033063
175900 0.036261
176000 0.037748
176100 0.035102
176200 0.048097
176300 0.035589
176400 0.035536
176500 0.034056
176600 0.038004
176700 0.035445
176800 0.035974
176900 0.044864
177000 0.035964
177100 0.034189
177200 0.035332
177300 0.038607
177400 0.036953
177500 0.036721
177600 0.033597
177700 0.036359
177800 0.035416
177900 0.03674
178000 0.037942
178100 0.038381
178200 0.03539
178300 0.036516
178400 0.036968
178500 0.0377
178600 0.037879
178700 0.04024
178800 0.037674
178900 0.035952
179000 0.036594
179100 0.038648
179200 0.033793
179300 0.03793
179400 0.038124
179500 0.040015
179600 0.034622
179700 0.038865
179800 0.040432
179900 0.040659
180000 0.034081
180100 0.036204
180200 0.039772
180300 0.039531
180400 0.035055
180500 0.037498
180600 0.039548
180700 0.037342
180800 0.03924
180900 0.034291
181000 0.034952
181100 0.038734
181200 0.036616
181300 0.034472
181400 0.036596
181500 0.03791
181600 0.037931
181700 0.040284
181800 0.038081
181900 0.041242
182000 0.037854
182100 0.037221
182200 0.039911
182300 0.037482
182400 0.04018
182500 0.037031
182600 0.04064
182700 0.03865
182800 0.038491
182900 0.039837
183000 0.034934
183100 0.035016
183200 0.037598
183300 0.038505
183400 0.036431
183500 0.038263
183600 0.039571
183700 0.039355
183800 0.039065
183900 0.037844
184000 0.039948
184100 0.043701
184200 0.038083
184300 0.038285
184400 0.035499
184500 0.035532
184600 0.035523
184700 0.035583
184800 0.03572
184900 0.035729
185000 0.035655
185100 0.039996
185200 0.036997
185300 0.035537
185400 0.039573
185500 0.045054
185600 0.037414
185700 0.039032
185800 0.037921
185900 0.03825
186000 0.039629
186100 0.038522
186200 0.04
186300 0.039581
186400 0.040263
186500 0.039653
186600 0.035845
186700 0.040383
186800 0.039475
186900 0.04211
187000 0.036368
187100 0.039639
187200 0.038895
187300 0.040378
187400 0.040397
187500 0.038019
187600 0.038768
187700 0.040613
187800 0.040063
187900 0.03987
188000 0.040681
188100 0.041004
188200 0.04022
188300 0.036784
188400 0.040586
188500 0.041676
188600 0.041245
188700 0.039825
188800 0.040495
188900 0.037488
189000 0.036679
189100 0.040383
189200 0.040452
189300 0.041599
189400 0.039329
189500 0.040834
189600 0.041501
189700 0.047058
189800 0.038468
189900 0.041493
190000 0.036709
190100 0.036844
190200 0.040381
190300 0.043251
190400 0.043393
190500 0.038472
190600 0.039654
190700 0.038955
190800 0.041144
190900 0.041195
191000 0.042744
191100 0.037862
191200 0.039684
191300 0.040087
191400 0.041627
191500 0.03718
191600 0.037373
191700 0.037328
191800 0.037259
191900 0.037462
192000 0.037394
192100 0.039598
192200 0.043282
192300 0.04241
192400 0.04206
192500 0.042462
192600 0.039604
192700 0.040483
192800 0.037753
192900 0.042317
193000 0.039553
193100 0.040696
193200 0.041847
193300 0.039551
193400 0.040271
193500 0.040573
193600 0.038793
193700 0.038913
193800 0.038826
193900 0.038883
194000 0.038914
194100 0.038864
194200 0.038896
194300 0.040128
194400 0.041375
194500 0.042087
194600 0.045062
194700 0.040978
194800 0.041208
194900 0.040588
195000 0.045215
195100 0.043516
195200 0.042452
195300 0.042942
195400 0.041991
195500 0.041957
195600 0.042396
195700 0.043695
195800 0.043463
195900 0.0425
196000 0.043442
196100 0.041422
196200 0.043241
196300 0.040478
196400 0.038857
196500 0.042394
196600 0.04386
196700 0.041274
196800 0.04248
196900 0.038926
197000 0.03929
197100 0.0433
197200 0.043174
197300 0.03885
197400 0.043188
197500 0.042274
197600 0.042613
197700 0.042481
197800 0.041727
197900 0.043207
198000 0.043858
198100 0.045865
198200 0.04325
198300 0.042466
198400 0.039186
198500 0.042819
198600 0.044158
198700 0.044897
198800 0.04326
198900 0.044173
199000 0.039645
199100 0.041233
199200 0.043882
199300 0.042987
199400 0.042443
199500 0.041107
199600 0.041689
199700 0.039621
199800 0.03944
199900 0.039789
200000 0.039836
200100 0.043138
200200 0.045383
200300 0.03966
200400 0.039705
200500 0.043403
200600 0.046569
200700 0.043781
200800 0.044147
200900 0.044914
201000 0.0403
201100 0.045143
201200 0.044875
201300 0.040321
201400 0.04513
201500 0.046569
201600 0.044224
201700 0.043569
201800 0.044419
201900 0.040367
202000 0.045498
202100 0.044867
202200 0.041646
202300 0.04426
202400 0.04048
202500 0.044673
202600 0.04346
202700 0.044912
202800 0.044625
202900 0.042696
203000 0.043582
203100 0.042818
203200 0.043488
203300 0.043291
203400 0.043565
203500 0.04248
203600 0.040183
203700 0.041134
203800 0.038498
203900 0.039552
204000 0.040386
204100 0.036281
204200 0.036096
204300 0.039686
204400 0.039752
204500 0.038426
204600 0.034497
204700 0.035583
204800 0.038547
204900 0.037468
205000 0.038046
205100 0.038185
205200 0.037714
205300 0.037934
205400 0.035864
205500 0.036729
205600 0.037218
205700 0.044717
205800 0.03849
205900 0.037582
206000 0.038025
206100 0.037801
206200 0.039695
206300 0.03425
206400 0.038918
206500 0.038392
206600 0.035771
206700 0.035245
206800 0.037049
206900 0.035653
207000 0.036528
207100 0.039765
207200 0.034536
207300 0.036878
207400 0.037336
207500 0.036901
207600 0.03716
207700 0.037817
207800 0.034448
207900 0.034473
208000 0.038693
208100 0.038416
208200 0.038472
208300 0.037745
208400 0.03933
208500 0.037452
208600 0.0374
208700 0.039266
208800 0.037981
208900 0.036137
209000 0.039486
209100 0.034691
209200 0.034582
209300 0.034851
209400 0.037887
209500 0.036462
209600 0.038442
209700 0.039106
209800 0.037234
209900 0.039545
210000 0.038604
210100 0.037796
210200 0.037787
210300 0.036348
210400 0.042505
210500 0.039969
210600 0.045878
210700 0.041296
210800 0.038989
210900 0.038587
211000 0.035707
211100 0.037228
211200 0.03544
211300 0.039404
211400 0.037647
211500 0.035274
211600 0.037973
211700 0.039952
211800 0.035309
211900 0.039164
212000 0.040075
212100 0.040578
212200 0.037076
212300 0.040357
212400 0.039412
212500 0.039975
212600 0.036529
212700 0.0356
212800 0.040116
212900 0.040303
213000 0.03938
213100 0.035603
213200 0.035637
213300 0.035611
213400 0.035684
213500 0.035662
213600 0.035735
213700 0.040072
213800 0.040281
213900 0.041619
214000 0.041023
214100 0.041396
214200 0.039553
214300 0.036353
214400 0.040174
214500 0.035881
214600 0.04041
214700 0.037794
214800 0.039541
214900 0.039241
215000 0.036001
215100 0.038042
215200 0.039255
215300 0.038649
215400 0.037736
215500 0.038116
215600 0.039297
215700 0.042205
215800 0.039254
215900 0.041011
216000 0.038516
216100 0.040562
216200 0.038988
216300 0.038919
216400 0.036381
216500 0.042337
216600 0.040253
216700 0.041062
216800 0.039593
216900 0.040732
217000 0.03939
217100 0.039787
217200 0.040676
217300 0.041502
217400 0.040615
217500 0.039795
217600 0.040402
217700 0.036603
217800 0.041955
217900 0.036833
218000 0.039536
218100 0.041255
218200 0.039775
218300 0.037856
218400 0.039654
218500 0.041127
218600 0.041607
218700 0.03669
218800 0.03892
218900 0.040271
219000 0.038735
219100 0.042195
219200 0.0416
219300 0.041656
219400 0.041503
219500 0.038202
219600 0.039783
219700 0.036972
219800 0.040657
219900 0.042959
220000 0.040582
220100 0.041266
220200 0.041171
220300 0.039663
220400 0.043369
220500 0.040433
220600 0.041291
220700 0.040027
220800 0.037403
220900 0.042746
221000 0.040427
221100 0.040427
221200 0.041097
221300 0.039436
221400 0.04094
221500 0.037414
221600 0.040701
221700 0.037415
221800 0.037567
221900 0.039459
222000 0.041771
222100 0.037993
222200 0.03995
222300 0.042873
222400 0.040813
222500 0.040715
222600 0.040757
222700 0.041307
222800 0.041575
222900 0.038034
223000 0.039639
223100 0.041769
223200 0.037718
223300 0.037777
223400 0.037741
223500 0.037844
223600 0.037956
223700 0.037956
223800 0.037966
223900 0.037938
224000 0.038005
224100 0.037939
224200 0.038131
224300 0.038078
224400 0.041573
224500 0.04157
224600 0.039634
224700 0.040022
224800 0.038202
224900 0.038123
225000 0.042304
225100 0.040219
225200 0.040269
225300 0.042376
225400 0.040412
225500 0.042216
225600 0.039078
225700 0.043922
225800 0.043183
225900 0.042784
226000 0.038562
226100 0.038646
226200 0.038653
226300 0.040875
226400 0.042508
226500 0.043745
226600 0.038517
226700 0.043071
226800 0.044609
226900 0.038676
227000 0.043102
227100 0.04232
227200 0.04176
227300 0.04181
227400 0.043271
227500 0.042322
227600 0.041976
227700 0.03884
227800 0.04185
227900 0.041949
228000 0.03989
228100 0.041969
228200 0.042691
228300 0.051868
228400 0.042989
228500 0.043615
228600 0.038974
228700 0.038901
228800 0.038938
228900 0.038777
229000 0.03898
229100 0.039118
229200 0.039183
229300 0.039095
229400 0.043973
229500 0.04295
229600 0.044147
229700 0.045046
229800 0.040774
229900 0.043619
230000 0.04068
230100 0.039462
230200 0.041127
230300 0.042579
230400 0.042795
230500 0.04917
230600 0.042078
230700 0.045628
230800 0.051761
230900 0.041469
231000 0.04139
231100 0.044178
231200 0.041588
231300 0.044097
231400 0.042259
231500 0.039594
231600 0.039464
231700 0.03973
231800 0.043654
231900 0.044733
232000 0.040019
232100 0.04402
232200 0.04476
232300 0.044709
232400 0.044196
232500 0.044639
232600 0.043042
232700 0.044267
232800 0.044668
232900 0.043036
233000 0.043782
233100 0.04189
233200 0.042984
233300 0.043884
233400 0.043157
233500 0.044082
233600 0.043081
233700 0.043917
233800 0.046603
233900 0.043178
234000 0.042478
234100 0.042606
234200 0.040013
234300 0.042782
234400 0.04243
234500 0.042055
234600 0.045186
234700 0.045685
234800 0.043686
234900 0.041648
235000 0.044803
235100 0.043344
235200 0.043791
235300 0.043857
235400 0.044517
235500 0.045352
235600 0.043131
235700 0.042868
235800 0.045279
235900 0.045513
236000 0.045773
236100 0.043474
236200 0.046014
236300 0.045187
236400 0.045267
236500 0.045101
236600 0.044241
236700 0.040683
236800 0.046684
236900 0.043877
237000 0.042207
237100 0.045474
237200 0.046352
237300 0.043639
237400 0.044104
237500 0.042098
237600 0.044963
237700 0.041497
237800 0.042674
237900 0.040931
238000 0.044951
238100 0.044629
238200 0.047217
238300 0.046637
238400 0.044453
238500 0.04337
238600 0.041463
238700 0.041414
238800 0.041573
238900 0.043329
239000 0.044503
239100 0.043675
239200 0.044743
239300 0.05081
239400 0.048615
239500 0.044152
239600 0.043484
239700 0.042916
239800 0.044224
239900 0.044761
240000 0.045591
240100 0.043376
240200 0.046133
240300 0.045922
240400 0.045007
240500 0.045352
240600 0.044228
240700 0.04172
240800 0.044445
240900 0.044287
241000 0.047221
241100 0.046159
241200 0.045849
241300 0.047116
241400 0.045481
241500 0.046172
241600 0.045758
241700 0.045301
241800 0.043888
241900 0.04614
242000 0.04514
242100 0.044049
242200 0.046094
242300 0.04414
242400 0.046141
242500 0.04519
242600 0.047226
242700 0.046359
242800 0.043607
242900 0.043608
243000 0.044086
243100 0.044862
243200 0.047169
243300 0.044916
243400 0.044356
243500 0.043837
243600 0.046318
243700 0.045778
243800 0.046421
243900 0.047508
244000 0.046635
244100 0.045986
244200 0.044595
244300 0.05097
244400 0.044783
244500 0.046378
244600 0.047685
244700 0.04436
244800 0.046807
244900 0.045252
245000 0.045265
245100 0.047134
245200 0.04278
245300 0.044727
245400 0.04467
245500 0.046147
245600 0.046637
245700 0.042803
245800 0.045486
245900 0.044987
246000 0.0429
246100 0.045824
246200 0.046045
246300 0.046806
246400 0.049768
246500 0.04644
246600 0.046244
246700 0.049497
246800 0.04557
246900 0.043917
247000 0.04369
247100 0.045999
247200 0.04582
247300 0.043433
247400 0.045204
247500 0.045791
247600 0.046202
247700 0.045793
247800 0.045574
247900 0.045235
248000 0.044611
248100 0.043524
248200 0.045449
248300 0.044864
248400 0.043665
248500 0.045444
248600 0.04494
248700 0.044904
248800 0.047039
248900 0.047059
249000 0.048334
249100 0.045606
249200 0.046279
249300 0.045735
249400 0.04681
249500 0.046442
249600 0.04745
249700 0.04387
249800 0.043945
249900 0.043984
250000 0.046673
